Метод половинного деления(первый корень):
                   N                   a                   b               b - a
                   0                  -1                   2                   3
                   1                  -1                 0,5                 1,5
                   2                  -1               -0,25                0,75
                   3                  -1              -0,625               0,375
                   4             -0,8125              -0,625              0,1875
                   5             -0,8125            -0,71875             0,09375
                   6           -0,765625            -0,71875            0,046875
                   7          -0,7421875            -0,71875           0,0234375
                   8          -0,7421875         -0,73046875          0,01171875
                   9          -0,7421875        -0,736328125         0,005859375
                  10          -0,7421875       -0,7392578125        0,0029296875
                  11          -0,7421875      -0,74072265625       0,00146484375
                  12     -0,741455078125      -0,74072265625      0,000732421875
                  13    -0,7410888671875      -0,74072265625     0,0003662109375
                  14   -0,74090576171875      -0,74072265625    0,00018310546875

Корень: -0,740814208984375

Метод Ньютона(первый корень):
                   N                  x0                  x1             x1 - x0
                   0                -0,5 -0,8859241637244618  0,3859241637244618
                   1 -0,8859241637244618 -0,7930141874134433  0,0929099763110185
                   2 -0,7930141874134433 -0,7469423557644598 0,04607183164898354
                   3 -0,7469423557644598 -0,74083901913859680,006103336625862932
                   4 -0,7408390191385968 -0,7407536595819796              0,0001

Корень: -0,7408390191385968

Метод простых итераций(первый корень):
                   N                  x0                  x1             x1 - x0
                   0                -0,5 -0,8646647167633873  0,3646647167633873
                   1 -0,8646647167633873 -0,6854202452401887 0,17924447152319856
                   2 -0,6854202452401887 -0,7675218293632334 0,08210158412304469
                   3 -0,7675218293632334 -0,7282559202718315 0,03926590909140193
                   4 -0,7282559202718315  -0,7466906121048540,018434691833022487
                   5  -0,746690612104854 -0,73795597763993250,008734634464921509
                   6 -0,7379559776399325 -0,74207705016848350,004121072528550984
                   7 -0,7420770501684835 -0,74012874968337730,0019483004851061914
                   8 -0,7401287496833773 -0,74104896156789910,0009202118845218488
                   9 -0,7410489615678991 -0,74061413537954150,00043482618835766207
                  10 -0,7406141353795415 -0,74081955932618840,00020542394664690988

Корень: -0,7408195593261884

--------------------------------------------------------------
Метод половинного деления(Второй корень):
                   N                   a                   b               b - a
                   0                   0                   2                   2
                   1                   1                   2                   1
                   2                   1                 1,5                 0,5
                   3                   1                1,25                0,25
                   4               1,125                1,25               0,125
                   5              1,1875                1,25              0,0625
                   6             1,21875                1,25             0,03125
                   7            1,234375                1,25            0,015625
                   8            1,234375           1,2421875           0,0078125
                   9          1,23828125           1,2421875          0,00390625
                  10          1,23828125         1,240234375         0,001953125
                  11        1,2392578125         1,240234375        0,0009765625
                  12       1,23974609375         1,240234375       0,00048828125
                  13       1,23974609375      1,239990234375      0,000244140625
                  14     1,2398681640625      1,239990234375     0,0001220703125

Корень: 1,23992919921875

Метод Ньютона(Второй корень):
                   N                  x0                  x1             x1 - x0
                   0                 0,5   1,579140671155639   1,079140671155639
                   1   1,579140671155639  1,2610300639502332 0,31811060720540585
                   2  1,2610300639502332  1,2400812188153318 0,02094884513490136
                   3  1,2400812188153318   1,2399778901910890,00010332862424289324

Корень: 1,239977890191089

Метод простых итераций(Второй корень):
                   N                  x0                  x1             x1 - x0
                   0                 0,5  2,4663034623764317  1,9663034623764317
                   1  2,4663034623764317  0,8044477973274643  1,6618556650489675
                   2  0,8044477973274643  1,6941841261475366  0,8897363288200723
                   3  1,6941841261475366   1,008984581499364  0,6851995446481725
                   4   1,008984581499364  1,4334258047387254  0,4244412232393613
                   5  1,4334258047387254  1,1244798512661953 0,30894595347253007
                   6  1,1244798512661953   1,327092465953941  0,2026126146877456
                   7   1,327092465953941  1,1839649195127502 0,14312754644119074
                   8  1,1839649195127502  1,2801769794335571 0,09621205992080695
                   9  1,2801769794335571  1,2132196354258529 0,06695734400770426
                  10  1,2132196354258529  1,25873514363369620,045515508207843336
                  11  1,2587351436336962  1,22728753212100480,031447611512691376
                  12  1,2272875321210048   1,248775432383831  0,0214879002628261
                  13   1,248775432383831  1,23398013702058850,014795295363242422
                  14  1,2339801370205885   1,244114081676491 0,01013394465590256
                  15   1,244114081676491  1,23714785103559490,006966230640896187
                  16  1,2371478510355949  1,24192473560977360,004776884574178686
                  17  1,2419247356097736  1,23864356784722830,0032811677625452784
                  18  1,2386435678472283   1,2408947295857660,002251161738537677
                  19   1,240894729585766  1,23934900526737370,001545724318392283
                  20  1,2393490052673737  1,24040977034186150,0010607650744878239
                  21  1,2404097703418615  1,23968153810671430,0007282322351471748
                  22  1,2396815381067143  1,24018135204540260,0004998139386882539
                  23  1,2401813520454026  1,23983824955857620,00034310248682634104
                  24  1,2398382495585762  1,24007374716209350,00023549760351726512
                  25  1,2400737471620935  1,23991209354948360,00016165361260989108
                  26  1,2399120935494836  1,24002305175480480,00011095820532114331

Корень: 1,2400230517548048
